1640	26
1641	27
1642	27
1643	27
1644	28
1645	28
1646	29
1647	29
1648	28
1649	28
1650	28
1651	28
1652	28
1653	28
1654	28
1655	28
1656	29
1657	29
1658	28
1659	29
1660	29
1661	29
1662	29
1663	27
1664	28
1665	28
1666	28
1667	28
1668	28
1669	28
1670	28
1671	28
1672	26
1673	26
1674	25
1675	26
1676	26
1677	32
1678	32
1679	31
1680	29
1681	30
1682	30
1683	30
1684	28
1685	29
1686	30
1687	28
1688	30
1689	30
1690	31
1691	31
1692	32
1693	32
1694	33
1695	33
1696	32
1697	32
1698	34
1699	34
1700	34
1701	34
1702	34
1703	34
1704	34
1705	34
1706	34
1707	33
1708	33
1709	32
1710	31
1711	31
1712	32
1713	32
1714	32
1715	33
1716	31
1717	31
1718	31
1719	32
1720	32
1721	30
1722	31
1723	30
1724	32
1725	31
1726	31
1727	32
1728	32
1729	32
1730	31
1731	31
1732	32
1733	33
1734	31
1735	31
1736	31
1737	33
1738	33
1739	33
1740	32
1741	32
1742	32
1743	32
1744	32
1745	32
1746	32
1747	32
1748	32
1749	32
1750	32
1751	32
1752	32
1753	32
1754	32
1755	32
1756	33
1757	33
1758	32
1759	31
1760	32
1761	31
1762	31
1763	32
1764	33
1765	33
1766	32
1767	32
1769	28
1770	30
1771	31
1772	30
1773	30
1774	30
1775	28
1776	28
1777	29
1778	28
1779	29
1780	32
1781	30
1782	29
1783	29
1784	29
1785	29
1786	29
1787	29
1788	29
1789	30
1790	30
1791	30
1792	30
1793	31
1794	31
1795	31
1796	30
1797	30
1798	30
1799	30
1800	31
1801	30
1802	31
1803	37
1804	37
1805	36
1806	37
1807	37
1808	37
1809	36
1810	34
1811	35
1812	35
1813	37
1814	37
1815	36
1816	37
1817	37
1818	37
1819	37
1820	36
1821	38
1822	39
1823	37
1824	37
1825	37
1826	35
1827	36
1828	36
1830	38
1831	38
1832	38
1833	39
1834	40
1835	40
1836	40
1837	40
1838	40
1839	40
1840	41
1841	41
1842	40
1843	39
1844	40
1845	40
1846	40
1847	40
1848	39
1849	39
1850	39
1851	39
1852	42
1853	42
1854	41
1855	40
1856	41
1858	43
1859	43
1860	43
1861	43
1862	42
1863	42
1864	42
1865	42
1866	42
1867	42
1868	43
1869	43
1870	46
1871	46
1872	46
1873	46
1874	46
1875	45
1876	45
1877	45
1878	44
1880	41
1882	42
1883	40
1884	42
1885	44
1886	44
1887	44
1888	45
1889	8
1890	45
1891	44
1892	46
1893	45
1894	44
1895	43
1896	44
1897	42
1898	43
1899	44
1900	43
1901	43
1902	45
1903	46
1904	45
1905	46
1906	46
1907	47
1908	46
1909	47
1910	47
1911	48
1912	47
1913	47
1914	46
1915	46
1916	45
1917	45
1918	44
1919	43
1920	44
1921	44
1922	44
1923	43
1924	45
1925	42
1926	42
1927	43
1928	41
1929	41
1930	42
1931	38
1932	40
1933	40
1934	45
1935	43
1936	43
1937	42
1938	41
1939	41
1940	42
1941	43
1942	44
1943	42
1944	43
1945	43
1946	44
1947	45
1948	45
1949	43
1950	45
1952	44
1953	44
1954	43
1955	44
1956	44
1957	44
1958	44
1959	44
1960	44
1961	46
1962	46
1963	45
1964	47
1965	47
1966	47
1967	45
1968	44
1969	44
